[1250 1272] [1250 1272]
1624 1624
1746 1747
1803 1803
2009 2009
2716 2716
2894 2894
3814 3814
4052 4052
5020 5020
6481 6481
6635 6635
7044 7044
7907 7907
8281 8281
12366 12367
13372 13373
13721 13721
13965 13965
14270 14270
14446 14446
14793 14793
15247 15247
15334 15334
15659 15659
17187 17188
17332 17332
17623 17623
18002 18002
18707 18707
19220 19220
19332 19333
19807 19807
19833 19833
20429 20429
20636 20636
20812 20812
21184 21184
23170 23170
23339 23339
23858 23858
24287 24287
24377 24378
25540 25540
27215 27215
27904 27904
28672 28672
29098 29098
29428 29428
29735 29735
29779 29779
30269 30269
30333 30333
30493 30493
30550 30550
[30627 30721] [30627 30721]
30856 30856
31019 31019
31261 31261
31440 31440
32499 32499
32544 32544
32620 32620
32749 32749
32805 32805
33922 33922
33999 33999
35030 35030
35220 35220
37034 37034
37437 37437
38513 38513
39167 39167
39285 39285
39490 39490
39630 39630
40176 40176
40737 40737
41320 41320
41476 41476
41532 41532
42738 42738
43041 43041
43257 43257
43394 43394
43598 43598
43652 43652
43893 43893
45140 45140
45659 45659
46057 46057
46674 46674
46870 46870
47339 47339
48391 48391
48448 48448
50290 50290
50763 50763
51052 51052
51501 51501
51567 51567
51648 51648
51990 51990
52105 52105
52425 52426
53121 53121
53657 53657
53710 53710
53980 53981
54145 54145
54394 54394
54613 54613
55716 55716
56230 56230
56342 56342
56483 56483
[56484 56555] [56484 56555]
56711 56711
57026 57026
57134 57134
57936 57936
58387 58387
58816 58816
59129 59129
59388 59388
59413 59413
59417 59417
59460 59460
59840 59840
60374 60375
60763 60763
60765 60765
60767 60767
60836 60836
60837 60837
60839 60839
60840 60840
60843 60843
60847 60847
60856 60856
61293 61293
61377 61377
61691 61691
61787 61787
62151 62151
62327 62328
62815 62815
63141 63141
64423 64423
64810 64810
64859 64859
65039 65039
