[1194 1249]
[2942 3137]
[3376 3497]
[6717 6928]
[7908 7949]
[8282 8518]
[8843 8967]
[9069 9509]
[12722 13031]
[13486 13546]
[13722 13779]
[14271 14369]
[14447 14512]
[14963 15029]
[15335 15502]
[16051 16526]
[18708 19117]
[19834 20496]
[24288 24869]
[27216 27460]
[28400 28582]
[28673 29236]
[29429 29581]
[31020 31107]
[31613 31709]
[32750 32804]
[33087 33215]
[33303 33773]
[34055 34428]
[35031 35132]
[36815 37757]
[38087 38320]
[38514 38650]
[38719 39080]
[39168 39364]
[40551 41186]
[42080 42432]
[43702 43755]
[43894 44098]
[44603 44868]
[45350 45588]
[46058 46431]
[46675 47002]
[47340 47424]
[48449 48764]
[49211 49329]
[50844 50928]
[52426 52462]
[53391 53542]
[53981 54258]
[55919 56011]
[56067 56160]
[56556 56648]
[58388 58434]
[59461 59632]
[60387 60600]
[61294 61376]
[62555 62656]
[63142 63761]
