[2573 2581]
[3965 4051]
[4317 5805]
[6929 7043]
[7752 7835]
[8519 8842]
[13547 13720]
[14513 14792]
[15503 15658]
[16527 17141]
[17333 17431]
[19272 19331]
[19693 19832]
[20497 21183]
[22959 23109]
[28583 28671]
[30009 30179]
[30353 30425]
[30722 31018]
[31401 31584]
[32245 32451]
[34000 34054]
[34429 34511]
[34780 34883]
[35133 36814]
[37758 38086]
[39554 39629]
[41187 41319]
[41382 41532]
[43257 43394]
[44115 44405]
[46432 46638]
[47003 47338]
[47425 48080]
[48765 49210]
[50672 50762]
[50929 51500]
[52463 52620]
[53185 53390]
[53896 53913]
[55024 55499]
[56649 56710]
[57649 57778]
[57895 57935]
[58157 58265]
[58435 58474]
[58885 59128]
[59633 59758]
[60230 60373]
[60689 60855]
[62021 62251]
[62385 62554]
