[1273 1581]
[2045 2098]
[2171 2572]
[2582 2715]
[3292 3357]
[3498 3813]
[5806 5870]
[5930 6480]
[7836 7906]
[7950 8169]
[8968 8989]
[13032 13371]
[14158 14269]
[14370 14445]
[15030 15333]
[17142 17186]
[17432 17622]
[17735 18001]
[18656 18706]
[23110 24286]
[25595 26072]
[27108 27214]
[27461 27565]
[28311 28398]
[29237 29427]
[30180 30268]
[32452 32498]
[32621 32748]
[33774 33998]
[34512 34689]
[34884 35029]
[38321 38512]
[38651 38717]
[39081 39166]
[39365 39489]
[39798 39905]
[42846 43040]
[43099 43256]
[43395 43651]
[43756 43892]
[44406 44573]
[44984 45139]
[45588 46056]
[46639 46673]
[48081 48447]
[49330 49605]
[50291 50441]
[51595 51647]
[52290 52424]
[52621 52941]
[53936 53979]
[54290 54553]
[55500 55715]
[56161 56341]
[56423 56482]
[57386 57505]
[57779 57878]
[58266 58386]
[59154 59243]
[59244 59387]
[60856 61292]
[62252 62326]
[62657 63018]
[63040 63140]
[64225 64422]
[64572 65223]
