3412 3412
3548 3548
3785 3785
4134 4135
5175 5175
5978 5978
10912 10912
12502 12503
13028 13028
13157 13157
13811 13811
14338 14338
15086 15086
15384 15384
15565 15565
16234 16235
16558 16558
17159 17159
17235 17235
17318 17318
18763 18763
19140 19140
20929 20929
21257 21257
21925 21925
22050 22050
22991 22991
23222 23222
24618 24618
24714 24714
24905 24905
26751 26751
26809 26809
29467 29467
29516 29516
30244 30244
31009 31009
31253 31253
32022 32022
33021 33021
33401 33401
33447 33447
33575 33575
33708 33708
33914 33914
34813 34814
34913 34913
34953 34953
35371 35371
35838 35838
35929 35928
37284 37284
38656 38656
38827 38827
40053 40053
41121 41121
41527 41527
42254 42254
43863 43863
44153 44153
44603 44603
44823 44823
44970 44970
46421 46421
46753 46753
48692 48692
48946 48946
49474 49474
50132 50132
50439 50439
50492 50492
50991 50991
51509 51510
51651 51651
51706 51706
51910 51910
51955 51955
52289 52289
52799 52799
53262 53262
53958 53958
54006 54006
54577 54578
54973 54973
[55156 55299] [55156 55299]
55711 55711
55880 55880
56174 56174
56283 56283
56897 56897
57334 57334
57491 57491
57557 57557
57658 57658
58218 58218
59174 59174
60122 60122
60190 60190
60403 60403
60854 60854
60883 60883
60994 60994
61022 61022
61273 61273
61338 61338
61881 61881
62006 62006
63694 63694
64610 64610
64907 64907
[65283 66361] [65283 66361]
