[1941 3547]
[3630 3714]
[4898 5286]
[5634 5690]
[6199 6262]
[10693 10970]
[11077 12094]
[12235 12501]
[12979 13027]
[13109 13156]
[13549 13810]
[14105 14337]
[14447 14515]
[14557 14938]
[15221 15383]
[16053 16110]
[16462 16557]
[16666 16972]
[17054 17158]
[17435 18335]
[18407 18702]
[19065 19244]
[21649 21702]
[21752 21924]
[22924 23221]
[24665 24713]
[24845 24904]
[26667 26808]
[29315 29515]
[30168 30243]
[30486 30851]
[31117 31252]
[32662 33020]
[33378 33400]
[33649 33707]
[33768 33913]
[33992 34110]
[34181 34242]
[34402 34574]
[34689 34812]
[35045 35594]
[35793 35837]
[36341 36462]
[36980 37102]
[37242 37283]
[37395 38130]
[38353 38514]
[38576 38655]
[38736 38826]
[39723 39914]
[40158 40262]
[40497 40950]
[41067 41120]
[41401 41446]
[41994 42253]
[43068 43162]
[43348 43610]
[43676 43954]
[44237 44374]
[44541 44602]
[45144 45574]
[46033 46420]
[46625 46752]
[46827 46970]
[48092 48945]
[49098 49306]
[50078 50652]
[50790 50990]
[51254 51336]
[51430 51508]
[53307 53957]
[54290 54576]
[55594 55879]
[56141 56173]
[56226 56534]
[56753 56896]
[57374 57490]
[57586 57657]
[58873 59173]
[59381 59654]
[60043 60121]
[60570 60822]
[60911 60930]
[60972 60993]
[61041 61094]
[61471 61880]
[63014 63149]
[64413 64609]
[64828 64906]
