1906 1906
2033 2034
2351 2351
3027 3027
3129 3129
[3195 3279] [3195 3279]
4012 4012
4104 4104
4120 4120
4565 4566
4843 4843
5234 5234
5847 5847
5876 5876
5926 5926
6324 6324
7395 7395
[7672 7768] [7672 7768]
8184 8184
9194 9194
13496 13496
13595 13595
14183 14183
15862 15862
16130 16130
16755 16755
18352 18352
18431 18431
18754 18754
19033 19033
19779 19779
20208 20208
20517 20517
21181 21181
21550 21550
21652 21652
21681 21682
21734 21735
21900 21900
21930 21930
22080 22080
22126 22126
22503 22503
22895 22895
22939 22939
23133 23134
23267 23267
24619 24619
24847 24847
24925 24925
25094 25094
25996 25996
26462 26462
26806 26806
26880 26880
27253 27253
27518 27518
27666 27666
27855 27855
27992 27992
28383 28383
29144 29144
29223 29223
29302 29302
30162 30162
30347 30347
30967 30967
31196 31196
31354 31354
31599 31599
31818 31818
32105 32105
34067 34067
34555 34555
34741 34741
34777 34777
35028 35028
35487 35487
36234 36234
36825 36825
36953 36953
36989 36989
37349 37349
37467 37467
37936 37936
39442 39443
39711 39711
40184 40184
40317 40317
40722 40722
41098 41098
42139 42139
43414 43415
43777 43777
43850 43850
44130 44131
44524 44524
45068 45068
45432 45432
45526 45526
46216 46217
46704 46704
47102 47102
47803 47804
48031 48031
48731 48731
49162 49162
51664 51664
53069 53069
53384 53385
53561 53561
53648 53648
54208 54208
54305 54305
55637 55637
56842 56842
58255 58255
58339 58339
58788 58788
58966 58966
59478 59478
60067 60067
60567 60567
60643 60643
61042 61042
61081 61081
61695 61695
62722 62722
63716 63716
63852 63852
64415 64416
64649 64649
66951 66951
67871 67871
67557 67557
68163 68163
68276 68277
69149 69149
69659 69659
70349 70349
70492 70492
70612 70612

