162 162
789 789
846 846
[992 998] [992 998]
1111 1111
1261 1261
1776 1776
1852 1852
[1978 1982] [1978 1982]
2202 2202
2309 2309
2873 2873
3077 3077
[3556 3560] [3556 3560]
3626 3626
3765 3765
3806 3806
4120 4120
4250 4250
[4474 4564] [4474 4564]
4839 4839
4897 4897
4999 4999
5951 5951
6325 6325
7295 7295
7320 7320
7325 7325
7489 7489
7505 7505
7593 7593
7609 7609
7633 7633
7657 7657
7661 7661
7673 7673
7706 7706
7707 7707
7712 7712
7804 7804
7852 7852
7984 7984
8024 8024
8028 8028
8084 8084
8117 8117
8120 8120
8170 8170
[8175 8181] [8175 8181]
8489 8489
[8769 8773] [8769 8773]
10151 10151
#[10151 10243] [10151 10243]

#[10295 10390] [10295 10390]
10539 10539
10937 10937
11179 11179
11674 11674
13258 13258
13557 13557
13737 13737
13920 13920
14107 14107
15139 15139
15374 15374
15667 15667
15711 15711
15973 15973
16370 16370
16505 16505
16966 16966
17223 17223
17501 17501
18020 18020
18500 18500
20704 20704
20761 20761
21418 21418
21564 21564
21696 21696
21898 21898
22434 22434
22443 22443
22490 22490
22978 22978
23102 23102
23217 23217
23502 23502
23834 23834
23883 23883
24087 24087
24290 24290
24997 24997
25336 25336
25523 25523
25883 25883
26194 26194
[26409 26434] [26409 26434]
26616 26616
26960 26960
27088 27088
27237 27237
27460 27460
27529 27530
27769 27769
28874 28874
28975 28975
29096 29096
[29680 29684] [29680 29684]
29813 29813
30016 30016
[30020 30024] [30020 30024]
31037 31037
32503 32503
32763 32763
32932 32932
33415 33415
34146 34146
35443 35443
35774 35774
36702 36702
37267 37267
38000 38000
38781 38781
39137 39137
40199 40199
40563 40563
40755 40755
[40756 40981] [40756 40981]
41145 41145
41617 41617
41658 41658
41781 41781
42132 42132
42201 42201
42296 42296
42352 42352
42432 42432
[42563 42613] [42563 42613]
42746 42746
43140 43140
44093 44093
44330 44330
44923 44923
45010 45010
45945 45945
46013 46013
46439 46439
46514 46514
46630 46630
47547 47547
48577 48577
49127 49127
50014 50014
50396 50396
50637 50637
50913 50913
50979 50979
51010 51010
51044 51044
51086 51086
51105 51105
51496 51496
52195 52195
52459 52459
52539 52539
53879 53879
54025 54025
54696 54696
55421 55421
55489 55489
56232 56232
56783 56783
57894 57894
58546 58546
[59919 61167] [59919 61167]

