[1777 1851]
[2116 2201]
[2663 2872]
[3269 3437]
[4473 4473]
[4785 4896]
[5509 5625]
[5751 5950]
[6373 7096]
[7688 7711]
[8148 8236]
[9775 9897]
[13144 13212]
[13998 14245]
[14710 15373]
[16295 16369]
[16549 16965]
[17010 17222]
[17738 18019]
[21697 21897]
[22264 22977]
[24226 24469]
[25788 26193]
[26435 26615]
[28280 28974]
[29097 29197]
[30220 30409]
[30882 31036]
[32342 32502]
[32644 32762]
[33899 34145]
[35386 35442]
[35724 35773]
[36484 36701]
[36874 37841]
[37860 37999]
[38610 38780]
[40515 40562]
[41531 41616]
[42614 42745]
[42801 43139]
[44259 44329]
[44634 44922]
[46456 46629]
[49036 49126]
[49714 50305]
[50745 50793]
[50980 51009]
[51062 51104]
[51190 51495]
[51922 52104]
[52160 52194]
[52626 52757]
[52806 53565]
[53821 53878]
[54517 54695]
[55862 56231]
