[1650 1775]
[1894 2115]
[2434 2522]
[3438 3535]
[3718 3805]
[3996 4249]
[4434 4472]
[5055 5101]
[5626 5750]
[7319 7471]
[7536 7575]
[7582 7595]
[7598 7603]
[7614 7627]
[7630 7651]
[7654 7659]
[7678 7683]
[7713 7851]
[7907 7908]
[7959 7960]
[7983 8096]
[8099 8147]
[8754 9333]
[10244 10294]
[10631 10936]
[12796 13143]
[13406 13820]
[14246 14303]
[15375 15455]
[16066 16294]
[18129 18358]
[19185 19291]
[19418 20760]
[21538 21695]
[22133 22263]
[24104 24225]
[26195 26408]
[26819 27087]
[27170 27768]
[28026 28279]
[28976 29095]
[29198 29255]
[29662 29883]
[31199 31399]
[32504 32643]
[34218 34359]
[35808 36109]
[38156 38380]
[39122 39179]
[41875 41955]
[41991 42562]
[43450 43839]
[44173 44258]
[44331 44633]
[45402 46012]
[46835 46890]
[47653 47964]
[48518 48576]
[48871 49035]
[49239 49575]
[50306 50744]
[50794 50866]
[51029 51061]
[52758 52805]
[53566 53820]
[53880 54024]
[54126 54516]
[55536 55585]
[56882 57032]
[57166 57436]
