[721 788]
[942 1166]
[1202 1260]
[2310 2433]
[2523 2662]
[2984 3076]
[4565 4784]
[5102 5508]
[7097 7294]
[7853 7906]
[7909 7958]
[7961 7982]
[8097 8098]
[8237 8434]
[9334 9394]
[10442 10538]
[11212 11546]
[11779 11910]
[13213 13257]
[13821 13997]
[14304 14709]
[15456 15666]
[15838 15972]
[17367 17500]
[18359 18499]
[23614 23833]
[24470 24996]
[25081 25787]
[29429 29508]
[29884 30015]
[30167 30219]
[32123 32224]
[32853 33414]
[34698 34953]
[35009 35385]
[36110 36483]
[38381 38609]
[39180 39286]
[39508 40198]
[40621 40754]
[41486 41530]
[41737 41780]
[43840 44092]
[46093 46455]
[46891 47626]
[47965 48517]
[49576 49713]
[50949 50978]
[52105 52159]
[52417 52538]
[55586 55861]
[56589 56782]
[57033 57090]
[57437 57610]
[59583 59871]
[61168 61272]
