2615 2615
2751 2751
3414 3414
3571 3571
3654 3654
3780 3780
4252 4252
[4415 4421] [4415 4421]
4433 4433
4862 4862
8755 8755
10454 10454
11431 11431
11576 11576
11915 11915
12172 12172
12204 12204
13188 13188
14915 14915
14962 14962
15262 15262
15668 15668
16397 16397
16794 16794
17628 17628
21226 21226
21618 21618
21666 21666
21771 21771
21951 21951
22946 22946
23289 23289
24640 24640
24901 24902
28298 28298
28952 28952
29048 29048
29435 29435
29854 29854
31035 31035
31107 31107
32428 32428
34679 34679
35802 35802
36217 36217
36395 36395
36489 36489
36705 36705
36932 36932
37040 37040
37514 37514
37701 37701
38294 38294
38692 38692
39180 39180
39739 39739
39993 39993
41205 41205
41675 41675
46247 46247
46299 46299
47058 47058
47254 47254
47295 47295
48128 48128
48966 48966
49025 49025
49456 49456
49700 49700
49852 49852
49896 49896
49945 49945
50325 50325
52594 52594
53246 53246
54004 54004
54188 54188
54728 54728
54920 54920
55154 55154
55727 55727
56129 56129
56154 56154
58350 58350
60373 60373
60600 60600
61037 61037
61708 61708
[64334 64435] [64334 64435]
[65352 66431] [65352 66431]
