[1330 2614]
[2871 3018]
[3781 3934]
[4358 4414]
[4436 4436]
[8491 8565]
[10455 10604]
[10743 10946]
[11577 11627]
[11916 11986]
[16398 16607]
[17629 20552]
[21227 21365]
[21772 21882]
[22947 23173]
[23419 23582]
[23996 24056]
[24118 24150]
[25811 27691]
[28377 28548]
[29436 29537]
[29855 30140]
[32429 34244]
[36490 36859]
[37171 37335]
[37461 37513]
[39862 39920]
[39994 40147]
[40839 40961]
[41206 41392]
[42031 42177]
[44431 44612]
[45072 45637]
[45859 46140]
[46790 47156]
[48888 49196]
[49457 49521]
[49946 50489]
[50972 51066]
[52595 53860]
[55095 55727]
[57097 57269]
[59496 59621]
[60374 60537]
