[2752 2870]
[3019 3103]
[3262 3376]
[3935 4435]
[4506 4616]
[4790 4861]
[9382 9417]
[9602 9735]
[11722 11834]
[11987 12735]
[12882 13074]
[13229 13291]
[14406 14655]
[15498 16091]
[16154 16396]
[20553 20611]
[22366 22543]
[23174 23288]
[23838 23955]
[24199 24707]
[27692 27735]
[27963 28069]
[28210 28256]
[28953 29252]
[29538 29791]
[30141 30761]
[32308 32427]
[34245 34571]
[34762 35801]
[35850 36338]
[36860 36931]
[37041 37111]
[37565 37771]
[37958 38235]
[38369 38424]
[38625 38662]
[38894 39145]
[39218 39393]
[40286 40838]
[40962 41204]
[42178 43529]
[44315 44430]
[45638 45858]
[47381 47637]
[50490 50547]
[50847 50907]
[55854 56153]
[57270 57745]
[58258 58349]
[59622 59809]
[59874 59995]
[61709 61941]
[62234 64333]