1473 3684
[1985 2032] [4963 5081]
3318 8297
3433 8584
3517 8793
[3580 3623] [8950 9058]
3848 9622
9274 23186
9664 24161
10372 25932
10668 26671
11195 27989
11495 28740
11892 29732
12192 30482
12774 31938
13232 33082
13900 34752
13929 34824
14028 35072
14065 35163
14258 35646
14443 36109
15838 39597
17457 43644
17850 44626
18452 46132
18987 47470
19110 47776
19200 48002
21693 54234
22759 56898
23217 58043
24348 60872
24477 61193
24661 61653
24923 62309
26038 65098
26098 65248
26200 65501
26356 65891
26440 66101
26508 66271
26731 66830
27039 67600
27179 67950
27599 69000
28243 70610
28809 72024
28969 72424
29556 73891
29826 74565
30196 75492
31000 77502
31170 77926
32013 80034
32228 80572
32432 81081
32696 81741
33789 84474
36525 91313
37638 94097
37677 94194
39067 97670
39111 97779
39491 98727
39726 99316
39950 99875
40133 100333
40566 101416
40786 101968
40832 102082
41317 103293
42341 105854
42464 106161
43571 108930
43734 109336
44813 112034
45150 112875
47922 119806
48912 122282
49351 123380
49423 123559
51656 129141
51769 129424
51941 129854
52255 130639
52870 132176
53135 132839
53542 133855
53603 134008
54511 136279
54608 136522
54885 137213
55181 137954
55241 138104
56013 140034
56567 141419
57562 143906
57654 144136
57728 144321
58594 146486
58694 146736
58900 147252
58945 147363
59409 148524
59678 149196
59896 149742
60445 151114
60706 151765
60724 151811
60851 152129
60978 152446
61807 154520
61836 154592
62778 156946
64898 162246
65118 162797
