[2033 3155]
[3580 3635]
[3636 4313]
[7945 9146]
[9665 10477]
[10903 11101]
[11635 11891]
[11964 12053]
[13233 13260]
[13901 13929]
[16528 17046]
[18453 18730]
[18988 19109]
[19200 20087]
[20124 20182]
[22240 22394]
[23454 23543]
[24021 24510]
[24511 24720]
[25552 25966]
[27400 27455]
[28074 28197]
[31795 32013]
[32229 32431]
[32551 32696]
[34176 34256]
[34257 35550]
[35736 36525]
[39590 39726]
[40420 40565]
[41846 41920]
[42402 43439]
[43572 43606]
[43735 43802]
[44180 44305]
[44306 44439]
[44502 44812]
[44813 44947]
[45254 45599]
[46423 46470]
[46730 47649]
[48229 48443]
[48522 48839]
[50978 51010]
[51242 51462]
[51656 51768]
[51769 51891]
[51892 51941]
[54573 54608]
[56751 56891]
[57655 57728]
[57821 58050]
[58089 58369]
[58695 58749]
[59238 59322]
[59323 59529]
[59855 59896]
[60445 60519]
[60707 60748]
[61836 61881]
[61882 62222]
[62223 62553]
[62554 62665]
[62666 62777]
[65119 65378]
[65379 66327]
