[9147 9273]
[10478 10667]
[11102 11195]
[11391 11495]
[12054 12191]
[12192 12414]
[12775 13008]
[13009 13051]
[13759 13830]
[13964 14027]
[14413 15727]
[18376 18452]
[18948 18987]
[20329 20416]
[20417 20570]
[20571 21641]
[21642 21692]
[26099 26199]
[26200 27179]
[27180 27338]
[27456 28073]
[28198 28243]
[28809 29120]
[29497 29555]
[30110 30195]
[30289 30360]
[30502 31170]
[32432 32550]
[34257 34457]
[37005 37042]
[37639 37676]
[38211 39111]
[39783 39839]
[40618 40701]
[41029 41316]
[41921 42341]
[43440 43571]
[43803 43968]
[48840 48912]
[49283 49351]
[49352 49423]
[49712 49765]
[50057 50190]
[52017 52086]
[52412 52869]
[54297 54439]
[55141 55181]
[56892 56932]
[56933 57562]
[58370 58420]
[58421 58557]
[58750 58900]
[59530 59677]
[59821 59854]
[60749 60851]
[61330 61807]
[61808 61835]
[63182 63348]
