[0 1046]
[1047 1473]
[3156 3318]
[3319 3432]
[7025 7146]
[7147 7475]
[9524 9664]
[12655 12774]
[13052 13232]
[13261 13674]
[13831 13899]
[15728 15838]
[17970 18067]
[18184 18292]
[21738 21932]
[24721 24923]
[25967 26038]
[26039 26098]
[28244 28484]
[29121 29496]
[30361 30386]
[32167 32228]
[37043 37430]
[37549 37637]
[39545 39589]
[39840 39882]
[40182 40248]
[40702 40786]
[40787 40832]
[44440 44501]
[46572 46729]
[47650 47921]
[49766 50056]
[51463 51655]
[52087 52255]
[53075 53135]
[54440 54511]
[55027 55106]
[56114 56567]
[57729 57768]
[58558 58575]
[58576 58593]
[58946 59237]
[59974 60100]
[60388 60444]
[60852 60977]
[63156 63181]
[63349 63746]
[64899 65118]
