1929 4824
3532 8831
3844 9611
3992 9981
8355 20889
11010 27526
11193 27984
11350 28376
11405 28513
11594 28985
12111 30279
13277 33193
14263 35658
14876 37191
15617 39044
16120 40301
16237 40594
16955 42389
17205 43013
18085 45214
19355 48389
19548 48871
19919 49799
20158 50396
20410 51025
20546 51365
20912 52281
20991 52477
21198 52995
21366 53415
21530 53825
23051 57628
23403 58510
23613 59034
23835 59590
24147 60369
24225 60564
24670 61675
24822 62055
25526 63815
26822 67056
27412 68531
27486 68715
27558 68895
27608 69021
27634 69085
27960 69901
28375 70938
28427 71067
28498 71246
28546 71365
29151 72880
29312 73281
29509 73774
29992 74982
30046 75116
30179 75447
30294 75735
30414 76036
30623 76558
31005 77514
31106 77766
31142 77855
31345 78364
31409 78525
31639 79099
34637 86593
36955 92390
37173 92933
37934 94836
38215 95537
38402 96005
39600 99002
40417 101044
40711 101777
41428 103571
42029 105073
42221 105553
[42498 42557] [106244 106393]
[42966 43086] [107415 107715]
[43266 43354] [108166 108388]
43915 109788
[44573 44706] [111435 111767]
45541 113854
46834 117086
47136 117841
47322 118306
47370 118425
47609 119024
47983 119959
50028 125071
50917 127294
52486 131216
52590 131476
53126 132815
53545 133864
54307 135767
55774 139436
[55866 55997] [139667 139995]
[56112 56230] [140281 140576]
56231 140578
57303 143260
[57485 57603] [143713 144010]
57696 144241
58030 145075
[58278 58325] [145696 145816]
58326 145816
58693 146733
59081 147704
59560 148901
59827 149569
60224 150561
60293 150734
[60565 60581] [151414 151454]
60668 151671
60796 151991
[60797 60927] [151992 152317]
[60928 61048] [152321 152621]
[61143 61191] [152858 152978]
[61723 61835] [154309 154589]
61963 154908
[62038 62106] [155097 155267]
62182 155455
[62183 62253] [155457 155637]
62318 155796
[62485 62603] [156215 156510]
62677 156693
[62678 62724] [156694 156809]
62890 157226
63363 158409
64544 161361
[65068 66506] [162670 166265]
