[8537 9851]
[9896 9929]
[11011 11088]
[11492 11593]
[11776 11881]
[12112 12442]
[13860 13996]
[14264 14479]
[14754 14816]
[15917 15964]
[16803 16909]
[16956 16999]
[18467 18561]
[20159 20363]
[20992 21125]
[22968 23302]
[24980 25525]
[25744 25918]
[27582 27607]
[27635 27673]
[28376 28497]
[28884 28981]
[30047 30122]
[30180 30293]
[30624 30630]
30631
[31640 33956]
[34638 34972]
[35545 36177]
[37229 37880]
[37935 38214]
[38403 38890]
[39033 39505]
[39769 40202]
[40628 41170]
[42030 42120]
[42222 42497]
[43916 44320]
[46141 46240]
[46835 46969]
[47984 49645]
[49793 49901]
[52487 52940]
[53996 54947]
[56232 56286]
[56461 56580]
[58093 58229]
[58327 58451]
[59561 59655]
[59828 60079]
[60928 61142]
[61388 61437]
[61964 62037]
[63244 64442]

