1612 4031
1981 4954
3651 9130
3772 9431
4108 10271
4336 10841
4696 11741
4765 11913
5892 14731
6043 15110
10017 25044
10246 25616
10525 26314
10559 26398
12113 30283
12831 32078
13131 32830
13363 33410
13512 33782
13623 34060
13868 34672
14615 36538
14923 37310
16467 41170
16577 41443
16720 41801
16915 42290
16963 42410
17009 42523
17330 43326
17572 43931
17624 44062
17968 44921
18038 45096
18905 47263
19815 49540
20122 50306
20554 51386
20887 52220
21542 53857
21723 54310
22383 55960
22949 57374
23057 57643
23618 59046
23650 59126
24619 61550
24674 61686
24726 61816
24899 62248
25326 63316
25903 64759
26093 65233
26250 65625
26513 66283
26609 66523
26845 67114
27166 67916
28260 70651
28387 70968
28715 71787
29878 74695
30312 75781
31139 77849
31977 79944
32091 80230
33273 83183
33366 83416
33600 84001
34347 85870
34848 87121
35084 87711
37846 94615
38333 95833
38425 96064
38570 96425
41299 103250
41498 103746
41675 104190
41999 104998
42130 105326
42231 105577
42758 106896
42946 107365
44680 111702
45168 112922
45176 112942
45658 114146
45788 114471
46832 117082
47261 118153
47482 118706
50077 125194
50193 125483
50645 126614
51671 129179
51727 129320
51904 129761
52590 131475
53966 134916
54062 135155
54249 135624
54410 136025
55007 137518
56899 142250
56951 142377
57144 142861
57265 143164
57497 143744
58013 145033
58487 146217
59021 147554
59226 148065
59458 148646
59879 149699
60254 150636
60553 151384
60831 152077
61329 153324
61442 153606
61878 154696
62205 155514
62357 155894
63052 157631
63261 158154
63362 158405
63858 159645
64471 161177
64631 161577
[65136 66216] [162844 163924]
