[1529 1980]
[3253 3314]
[3370 3771]
[3901 4490]
[4585 4695]
[4815 4883]
[4939 6827]
[9529 10016]
[10455 10524]
[10658 12112]
[12319 12639]
[13080 13210]
[13363 13678]
[13827 14234]
[14484 14614]
[14856 15098]
[15341 15470]
[15706 15856]
[15989 16576]
[16619 17008]
[17259 17298]
[17500 17623]
[17777 17967]
[18636 18692]
[19129 19210]
[19598 20027]
[20666 21266]
[21491 21541]
[21633 22442]
[22869 22948]
[23260 23530]
[23690 23994]
[24095 24673]
[25560 25902]
[26194 26249]
[26782 26844]
[27094 27165]
[27294 27678]
[27823 28014]
[28161 28259]
[29686 29877]
[29964 30311]
[30693 31214]
[31606 31976]
[32014 33272]
[33331 33365]
[33473 33599]
[33784 33994]
[34273 34446]
[34579 34626]
[34779 34847]
[34947 35083]
[35131 35708]
[36914 37430]
[37480 37603]
[37717 37790]
[37941 38059]
[38665 41497]
[41583 41946]
[42051 42129]
[42358 42757]
[44101 44234]
[44624 44994]
[45095 45466]
[45863 46051]
[46303 46484]
[46833 47260]
[47354 47481]
[49293 50076]
[50551 50644]
[51368 51903]
[51950 52022]
[52673 52854]
[53697 53965]
[54178 54248]
[54500 55006]
[55946 56423]
[56694 56838]
[56865 56950]
[57046 57143]
[57405 57496]
[57670 57874]
[58602 58674]
[58735 58894]
[59343 59457]
[59663 60058]
[60389 60552]
[61097 61328]
[61404 61441]
[61791 61877]
[62553 62726]
[62908 63260]
[64025 64150]
[64566 64630]
[64821 65131]
