[1907 2098]
[2475 2556]
[2907 2931]
[3087 3151]
[3280 3808]
[4105 4464]
[5877 5984]
[6369 6438]
[9195 9239]
[9284 9796]
[12199 12505]
[14278 14327]
[15863 15905]
[18432 18479]
[19780 19867]
[20416 20752]
[21901 21985]
[22234 22473]
[23134 23267]
[24396 24508]
[24926 25660]
[25997 26536]
[26881 27363]
[27856 27904]
[27993 28288]
[29145 29186]
[30348 30567]
[30968 31157]
[31197 31310]
[31600 31712]
[31763 32206]
[34068 34355]
[34556 34607]
[35488 36564]
[37468 37668]
[37937 38460]
[38627 38677]
[39059 39418]
[40318 40369]
[40723 40815]
[41211 41417]
[43778 43921]
[45527 45578]
[46705 46777]
[47805 48030]
[49112 49280]
[53562 53605]
[55035 55085]
[55638 56092]
[57133 57489]
[57639 57759]
[58256 58339]
[58831 58965]
[60068 60352]
[61043 61548]
[61696 61803]
[64844 66834]
[66952 67434]
[67507 67770]
[67872 67943]
[68277 68948]
[69150 69576]
[69660 69804]
