[605 720]
[790 845]
[1167 1201]
[1262 1649]
[1853 1893]
[2203 2308]
[2874 2983]
[3151 3268]
[4898 5054]
[6171 6372]
[7472 7535]
[7576 7581]
[7596 7597]
[7604 7613]
[7628 7629]
[7652 7653]
[7660 7677]
[7684 7687]
[8435 8753]
[9395 9774]
[9898 10150]
[10391 10441]
[11547 11778]
[11911 12795]
[16371 16548]
[16967 17009]
[17659 17737]
[18021 18128]
[18501 19184]
[21899 22132]
[22979 23613]
[24998 25080]
[29256 29428]
[30589 30881]
[31463 32122]
[32225 32341]
[33416 33898]
[34147 34217]
[34955 35008]
[35444 35723]
[35775 35807]
[36749 36873]
[37842 37859]
[38782 39121]
[39344 39507]
[40200 40514]
[40564 40620]
[41013 41485]
[41618 41736]
[41782 41874]
[42747 42800]
[44094 44172]
[45056 45401]
[46631 46834]
[50867 50948]
[51106 51189]
[51497 51921]
[52228 52416]
[54697 55535]
[57091 57165]
[57611 59582]
