1708 4271
2084 5211
2519 6299
2903 7259
2934 7338
2986 7466
3225 8064
3666 9165
4084 10212
4520 11302
4911 12280
5311 13279
5345 13363
6355 15889
6630 16576
6739 16847
6997 17494
7197 17993
10925 27313
11167 27919
11310 28275
11757 29393
12864 32162
15090 37726
15943 39860
16521 41303
16991 42479
17078 42695
18245 45614
18729 46823
19125 47813
19666 49167
20332 50832
20722 51806
20781 51954
21026 52565
21335 53340
22324 55812
22808 57021
24056 60142
24366 60916
25144 62861
25664 64161
25968 64921
26169 65423
26383 65959
26904 67261
27128 67822
27293 68234
28163 70410
28386 70968
30009 75024
30412 76031
30518 76295
30706 76767
31689 79224
32483 81209
32489 81224
32495 81239
32501 81254
32507 81269
33306 83268
33463 83659
33785 84464
33855 84637
35510 88775
36552 91382
36597 91493
36805 92014
36952 92382
37057 92643
37243 93110
37309 93274
37735 94339
38318 95795
38365 95914
38665 96663
39067 97669
40048 100121
40268 100671
40364 100911
40486 101215
40870 102177
40970 102427
41502 103758
42589 106473
42803 107009
42957 107394
43786 109466
44241 110604
44510 111277
45058 112645
45263 113160
45336 113341
45612 114031
45957 114893
47476 118692
47702 119256
48072 120181
48742 121858
48969 122424
49592 123982
52107 130269
52466 131166
53204 133012
53352 133381
54162 135406
54421 136054
55034 137586
55236 138091
55365 138413
[55951 56029] [139878 140073]
56070 140175
[56308 56384] [140774 140964]
56419 141048
56773 141934
57135 142837
57215 143037
[57612 57672] [144032 144182]
57812 144531
57996 144991
58638 146596
59129 147823
59463 148660
[59567 59622] [148920 149055]
60093 150234
60478 151198
60638 151598
61117 152794
61248 153121
61729 154324
61847 154619
61918 154797
[61921 61925] [154806 154816]
[62704 62727] [156762 156821]
62038 155098
62249 155624
62353 155884
[62367 62371] [155919 155929]
62532 156331
[62916 62920] [157292 157301]
62974 157435
63086 157717
63180 157952
63482 158706
63582 158957
63740 159351
64169 160424
64350 160877
65107 162769
[65475 66315] [163687 165787]
