[1826 1889]
[2085 2276]
[3335 3797]
[4085 4193]
[4521 4587]
[5312 5504]
[5767 5931]
[6998 7085]
[7220 7279]
[10415 10801]
[11668 12425]
[16058 16215]
[16992 17684]
[18730 18865]
[19126 19212]
[19667 19793]
[20333 20505]
[20723 21095]
[22325 22459]
[24579 24677]
[26384 26496]
[27243 27553]
[27655 27688]
[28387 29375]
[29827 29924]
[31690 32352]
[32475 32479]
[32484 32484]
[32490 32490]
[32496 32496]
[32502 32502]
[32508 32508]
[34767 35616]
[35947 36109]
[37855 37968]
[38095 38416]
[38666 38794]
[38992 39027]
[40365 40615]
[40971 41119]
[41235 41459]
[43414 43510]
[44292 44476]
[44511 44598]
[45130 45219]
[45613 45740]
[47477 47899]
[48970 49016]
[51031 51078]
[52931 53033]
[53205 53292]
[53353 53416]
[53542 53983]
[55366 55431]
[55803 56104]
[56623 56743]
[57283 57450]
[57673 57721]
[58279 58454]
[59047 59297]
[60094 60228]
[61118 61200]
[61296 61360]
[61703 61772]
[62131 62226]
[62250 62314]
[62533 62568]
[63087 63124]
[63181 63556]
[63583 63680]
[64170 64278]
