[3102 3224]
[3798 3921]
[6414 6495]
[6558 6629]
[6870 6949]
[7126 7196]
[11016 11053]
[12426 15089]
[15338 15897]
[16216 16520]
[16584 16915]
[17884 18411]
[18518 18675]
[21096 21211]
[25288 25473]
[25841 26233]
[26686 26842]
[29376 29696]
[30707 31015]
[32480 32480]
[32485 32485]
[32491 32491]
[32497 32497]
[32503 32503]
[32509 32509]
[36194 36287]
[36462 36659]
[36758 36804]
[36838 37129]
[37244 37555]
[37602 37665]
[38834 38991]
[39129 39251]
[39350 39896]
[40097 40363]
[41174 41234]
[41706 42636]
[43546 43728]
[45741 45956]
[46493 46888]
[47900 48116]
[49806 51030]
[51079 51439]
[52346 52465]
[54326 54420]
[54643 54785]
[55432 55499]
[55550 55622]
[57451 57611]
[58090 58161]
[62086 62130]
[62834 62973]
[64666 65015]
