[1291 1707]
[1890 2083]
[3922 4083]
[4194 4330]
[5505 5766]
[6950 6996]
[7280 7526]
[9439 10367]
[11054 11093]
[15898 15942]
[16953 16990]
[18866 19025]
[19794 20094]
[20506 20721]
[22261 22323]
[22769 24119]
[25474 25663]
[26234 26382]
[26497 26685]
[26843 27242]
[27554 27654]
[29697 29826][
[30182 30411]
[32481 32481]
[32486 32486]
[32492 32492]
[32498 32498]
[32504 32504]
[32510 32510]
[33611 33675]
[34638 34766]
[35617 35647]
[35673 35946]
[37666 37734]
[37969 38094]
[38417 38544]
[39897 40047]
[43729 43785]
[44080 44135]
[45220 45611]
[46035 46467]
[47269 47475]
[48117 48305]
[49017 49805]
[51906 52052]
[53034 53203]
[53293 53351]
[54786 55033]
[55070 55364]
[55623 55802]
[56194 56258]
[56546 56622]
[56744 56772]
[57722 57995]
[58052 58089]
[58162 58278]
[58455 58637]
[58763 59046]
[59298 59566]
[59757 59991]
[61489 61702]
[61773 61887]
[62506 62531]
[63681 63795]
[65016 65106]
