[2277 2985]
[4331 4519]
[4588 5310]
[5932 6354]
[6496 6557]
[7086 7125]
[7527 7554]
[10802 10924]
[11094 11166]
[15944 16057]
[18412 18517]
[18676 18728]
[19026 19124]
[19213 19665]
[20095 20331]
[21212 21958]
[22488 22768]
[24120 24365]
[24678 25143]
[27689 28385]
[29925 30008]
[30639 30705]
[31016 31688]
[32353 32417]
[32482 32482]
[32487 32488]
[32493 32494]
[32499 32500]
[32505 32506]
[32511 33462]
[33676 33784]
[33967 34637]
[35648 35672]
[36110 36193]
[36660 36757]
[37130 37242]
[38545 38664]
[38795 38833]
[39028 39066]
[39252 39349]
[40651 40969]
[41120 41173]
[41460 41705]
[42637 42802]
[42878 42956]
[42995 43412]
[43511 43545]
[44136 44240]
[44477 44509]
[44599 45057]
[46468 46492]
[46889 47268]
[48306 48968]
[52053 52322]
[53984 54161]
[55500 55549]
[56259 56384]
[59992 60092]
[60229 61116]
[61201 61247]
[61361 61488]
[61888 62085]
[62227 62248]
[62315 62352]
[62568 62833]
[63050 63085]
[63125 63179]
[63557 63581]
[63796 64168]
[64279 64665]
[65108 65444]
