2472 6181
2528 6321
3279 8199
3649 9123
4009 10023
4617 11544
5243 13109
9275 23190
9399 23498
11008 27521
11219 28050
12393 30984
12458 31145
13858 34645
14526 36318
15612 39032
17662 44158
19298 48245
20064 50161
20188 50471
20331 50829
21110 52776
21733 54334
22043 55110
22863 57159
23192 57981
23501 58754
25246 63115
25390 63475
25746 64366
27085 67714
27322 68306
27587 68970
28218 70547
28297 70744
29064 72662
29108 72771
29401 73504
30135 75339
30210 75528
30508 76272
30727 76819
30866 77165
32074 80187
32154 80387
32203 80509
32240 80601
33330 83327
35043 87609
38115 95289
38589 96474
[40852 40923] [102133 102311]
41213 103033
41826 104566
42551 106379
42754 106885
45404 113511
46044 115112
46124 115311
46260 115652
47304 118261
47634 119086
48740 121851
48909 122273
49323 123309
50231 125579
50306 125766
51050 127626
52093 130233
52145 130364
52293 130733
53494 133735
54304 135762
54697 136743
55110 137775
55331 138327
56683 141710
57055 142639
57143 142859
57193 142984
57482 143706
57706 144266
58163 145410
58791 146979
59311 148279
58366 145917
59992 149982
60399 150999
60938 152346
61975 154938
62435 156089
62519 156300
62852 157131
63217 158044
63647 159119
63765 159414
63982 159956
64375 160939

