[820 1192]
[2699 2836]
[3280 3733]
[4196 4388]
[8943 9076]
[11009 11196]
[11307 11379]
[12256 12356]
[12459 13961]
[18658 18782]
[19155 19605]
[21171 21532]
[21734 21880]
[22864 22969]
[23643 25476]
[28219 28614]
[29109 29456]
[31615 31669]
[32075 32114]
[33691 34870]
[38407 38891]
[39195 39314]
[42303 42516]
[46125 46206]
[46261 46991]
[47795 48008]
[48090 48279]
[50232 51140]
[52094 52246]
[52535 53611]
[55544 56002]
[56371 56631]
[57483 57646]
[58075 58136]
[58248 58312]
[58367 58709]
[58792 59236]
[63218 63434]
[63648 63683]
[64376 64432]
[64535 64607]
