[1195 2527]
[2625 2698]
[2837 3096]
[3734 4195]
[9494 10929]
[11380 12255]
[15613 17388]
[20703 20777]
[22044 22231]
[22522 22830]
[26513 27183]
[27358 27432]
[27471 27471]
[27588 27635]
[29457 29771]
[30509 30509]
[32204 32239]
[32290 32475]
[33394 33550]
[35114 37083]
[37781 38063]
[38892 39194]
[40924 41212]
[42839 44996]
[46992 47390]
[48280 48739]
[48845 49019]
[51141 51308]
[52247 52366]
[54305 54696]
[54862 55109]
[55494 55543]
[56003 56141]
[57262 57332]
[59993 60332]
[63435 63615]
[64433 64534]
[64608 64800]
